1	2	0.73524
1	3	0.0779686
1	4	0.119181
1	5	0.244178
1	6	0.435391
1	7	0.595555
1	8	0.897062
1	9	0.770226
1	11	0.993894
1	12	0.534647
1	13	0.822281
1	15	0.898504
1	16	0.852225
1	17	0.878837
1	18	0.129784
1	19	0.914398
1	21	0.561514
1	22	0.143533
1	24	0.646592
1	25	0.804236
1	26	0.32177
1	27	0.912804
1	28	0.775186
1	29	0.704238
1	30	0.837637
1	31	0.170824
1	32	0.49486
1	33	0.776029
1	34	0.950022
1	35	0.76214
1	36	0.536648
1	37	0.630329
1	38	0.33462
1	40	0.0491625
1	43	0.378806
1	44	0.101108
1	45	0.290517
1	46	0.990529
1	48	0.916222
1	49	0.629502
1	50	0.0560855
2	1	0.73524
2	3	0.129219
2	4	0.658851
2	5	0.259696
2	6	0.58018
2	7	0.456981
2	8	0.871793
2	9	0.952083
2	10	0.0814523
2	11	0.55824
2	12	0.351324
2	13	0.676553
2	14	0.596649
2	15	0.777265
2	16	0.12361
2	17	0.631218
2	18	0.441098
2	19	0.326701
2	20	0.330059
2	21	0.027152
2	22	0.062342
2	23	0.645664
2	24	0.150116
2	25	0.803793
2	26	0.31241
2	27	0.451371
2	28	0.54601
2	29	0.193516
2	30	0.142824
2	31	0.45639
2	32	0.779385
2	33	0.992738
2	34	0.583214
2	35	0.313508
2	36	0.784999
2	37	0.127301
2	38	0.987619
2	39	0.654254
2	40	0.389878
2	41	0.552219
2	42	0.42571
2	43	0.321394
2	44	0.30504
2	45	0.324159
2	46	0.96738
2	47	0.0785936
2	48	0.477181
2	49	0.192137
2	50	0.607435
3	1	0.0779686
3	2	0.129219
3	4	Inf
3	5	0.054213
3	6	0.264065
3	7	0.065334
3	8	0.858516
3	9	0.190829
3	10	Inf
3	11	0.733171
3	12	0.0191523
3	13	0.0538383
3	14	0.6404
3	15	0.634138
3	16	0.90704
3	17	0.947014
3	18	0.0338635
3	19	0.441094
3	20	Inf
3	21	Inf
3	22	0.290255
3	23	Inf
3	24	0.520184
3	25	0.758922
3	26	0.0414308
3	27	0.602144
3	28	0.268208
3	29	Inf
3	30	0.558407
3	31	0.341097
3	32	0.89277
3	33	0.0735345
3	34	0.57509
3	35	0.490686
3	36	0.675957
3	37	0.238553
3	38	Inf
3	39	0.219755
3	40	0.877816
3	41	0.129771
3	42	0.597614
3	43	0.40154
3	44	0.595359
3	45	Inf
3	46	0.274654
3	47	0.12159
3	48	Inf
3	49	0.0861796
3	50	0.09168
4	1	0.119181
4	2	0.658851
4	3	Inf
4	5	0.4151
4	7	0.488541
4	8	0.68029
4	9	0.792271
4	10	Inf
4	12	0.988291
4	13	0.550339
4	14	0.552582
4	15	0.967766
4	20	Inf
4	21	Inf
4	23	Inf
4	26	0.511515
4	27	0.733183
4	29	Inf
4	30	0.727581
4	31	0.369452
4	32	0.503765
4	33	0.795638
4	34	0.974782
4	35	0.889758
4	36	0.862453
4	38	Inf
4	39	0.63059
4	40	0.476705
4	42	0.408111
4	43	0.806387
4	44	0.383381
4	45	Inf
4	46	0.780877
4	48	Inf
4	49	0.813238
4	50	0.0101458
5	1	0.244178
5	2	0.259696
5	3	0.054213
5	4	0.4151
5	7	0.485151
5	8	0.300218
5	10	0.727551
5	11	0.907671
5	12	0.878217
5	14	0.549696
5	15	0.609732
5	16	0.754639
5	17	0.786284
5	18	0.755566
5	20	0.735596
5	21	0.88087
5	22	0.883071
5	23	0.961509
5	25	0.933568
5	26	0.135752
5	27	0.358865
5	30	0.998937
5	31	0.246811
5	32	0.713253
5	33	0.37053
5	35	0.607345
5	36	0.602642
5	39	0.282319
5	40	0.855401
5	41	0.597097
5	42	0.723459
5	43	0.628343
5	45	0.97945
5	46	0.494038
5	47	0.592827
5	48	0.60515
5	49	0.571084
6	1	0.435391
6	2	0.58018
6	3	0.264065
6	7	0.843587
6	8	0.42605
6	9	0.198328
6	10	0.386
6	11	0.951138
6	12	0.549174
6	13	0.790787
6	14	0.3122
6	15	0.878799
6	16	0.529627
6	17	0.540162
6	18	0.508313
6	19	0.353375
6	20	0.670428
6	21	0.760075
6	22	0.605144
6	23	0.190028
6	24	0.0633377
6	25	0.0903127
6	26	0.948883
6	27	0.0840586
6	28	0.95696
6	29	0.956924
6	30	0.086587
6	31	0.775029
6	32	0.726259
6	33	0.593687
6	34	0.0666733
6	35	0.111076
6	36	0.890528
6	37	0.439199
6	38	0.253041
6	39	0.408793
6	40	0.958893
6	41	0.301027
6	42	0.596314
6	43	0.942528
6	44	0.858886
6	45	0.39877
6	46	0.853376
6	47	0.276981
6	48	0.708729
6	49	0.800077
6	50	0.527474
7	1	0.595555
7	2	0.456981
7	3	0.065334
7	4	0.488541
7	5	0.485151
7	6	0.843587
7	8	0.816574
7	12	0.487228
7	13	0.909304
7	15	0.955128
7	16	0.796719
7	17	0.542987
7	18	0.116976
7	22	0.510119
7	24	0.195
7	26	0.237673
7	28	0.94106
7	30	0.911908
7	31	0.620928
7	34	0.808697
7	35	0.634553
7	36	0.709711
7	37	0.573534
7	43	0.460504
7	46	0.856553
7	47	0.593813
8	1	0.897062
8	2	0.871793
8	3	0.858516
8	4	0.68029
8	5	0.300218
8	6	0.42605
8	7	0.816574
8	9	0.572409
8	10	0.881683
8	11	0.695143
8	12	0.779872
8	13	0.99434
8	14	0.936748
8	15	0.730075
8	16	0.68579
8	18	0.9723
8	19	0.877222
8	20	0.955095
8	21	0.753004
8	22	0.446265
8	23	0.661935
8	24	0.583054
8	25	0.799325
8	26	0.69212
8	27	0.976621
8	28	0.170622
8	30	0.446353
8	31	0.200598
8	32	0.738832
8	33	0.728216
8	34	0.192685
8	35	0.24077
8	36	0.607055
8	37	0.0679426
8	38	0.562556
8	39	0.314181
8	40	0.510288
8	41	0.971829
8	42	0.607371
8	43	0.471264
8	44	0.570332
8	46	0.645362
8	47	0.418883
8	49	0.31769
8	50	0.0579753
9	1	0.770226
9	2	0.952083
9	3	0.190829
9	4	0.792271
9	6	0.198328
9	8	0.572409
9	11	0.970013
9	14	0.727096
9	15	0.401945
9	16	0.725066
9	18	0.870649
9	19	0.975459
9	20	0.813402
9	22	0.718401
9	24	0.140023
9	25	0.94385
9	26	0.396264
9	27	0.670207
9	28	0.981518
9	30	0.784441
9	32	0.611287
9	33	0.668228
9	38	0.989042
9	39	0.133032
9	41	0.619173
9	42	0.601611
9	43	0.862668
9	44	0.55906
9	45	0.446805
9	47	0.515494
9	48	0.779443
10	2	0.0814523
10	3	Inf
10	4	Inf
10	5	0.727551
10	6	0.386
10	8	0.881683
10	11	0.747818
10	12	0.147205
10	13	0.0802646
10	14	0.42447
10	15	0.36404
10	16	0.676368
10	17	0.371312
10	18	0.0556567
10	19	0.528557
10	20	Inf
10	21	Inf
10	22	0.0784896
10	23	Inf
10	24	0.717687
10	25	0.74186
10	26	0.395766
10	28	0.224637
10	29	Inf
10	30	0.54677
10	31	0.871584
10	32	0.556122
10	33	0.445103
10	34	0.507608
10	35	0.530431
10	37	0.923257
10	38	Inf
10	39	0.122776
10	40	0.385528
10	41	0.256149
10	42	0.0197606
10	43	0.716726
10	44	0.851815
10	45	Inf
10	46	0.148163
10	47	0.150436
10	48	Inf
10	49	0.880604
10	50	0.948955
11	1	0.993894
11	2	0.55824
11	3	0.733171
11	5	0.907671
11	6	0.951138
11	8	0.695143
11	9	0.970013
11	10	0.747818
11	12	0.911402
11	13	0.369055
11	14	0.828259
11	15	0.606064
11	16	0.912736
11	17	0.702475
11	18	0.410567
11	19	0.85945
11	20	0.965152
11	21	0.696048
11	22	0.163671
11	23	0.0668148
11	24	0.606282
11	25	0.50537
11	26	0.768638
11	27	0.888038
11	28	0.945349
11	29	0.158036
11	30	0.721661
11	31	0.901555
11	32	0.0431113
11	33	0.883784
11	34	0.291369
11	35	0.208745
11	36	0.69379
11	37	0.0664906
11	38	0.765749
11	39	0.616469
11	40	0.977259
11	41	0.981666
11	42	0.208209
11	43	0.21534
11	44	0.700232
11	45	0.425246
11	46	0.0384897
11	47	0.167784
11	48	0.308588
11	49	0.202585
11	50	0.94207
12	1	0.534647
12	2	0.351324
12	3	0.0191523
12	4	0.988291
12	5	0.878217
12	6	0.549174
12	7	0.487228
12	8	0.779872
12	10	0.147205
12	11	0.911402
12	13	0.417908
12	14	0.101267
12	15	0.459332
12	16	0.231243
12	17	0.693036
12	18	0.769241
12	20	0.621351
12	21	0.368291
12	22	0.156598
12	23	0.55844
12	24	0.489587
12	25	0.659889
12	26	0.652227
12	27	0.967447
12	28	0.656088
12	29	0.278506
12	30	0.562165
12	31	0.635382
12	33	0.106262
12	34	0.793496
12	35	0.186232
12	37	0.323757
12	38	0.960596
12	39	0.491204
12	41	0.670118
12	42	0.93012
12	43	0.843302
12	44	0.695289
12	45	0.395903
12	46	0.660725
12	47	0.00699798
12	48	0.445292
12	50	0.88163
13	1	0.822281
13	2	0.676553
13	3	0.0538383
13	4	0.550339
13	6	0.790787
13	7	0.909304
13	8	0.99434
13	10	0.0802646
13	11	0.369055
13	12	0.417908
13	14	0.226566
13	15	0.764166
13	16	0.977604
13	17	0.983758
13	18	0.258035
13	19	0.988536
13	20	0.391682
13	21	0.428373
13	22	0.162861
13	23	0.552042
13	24	0.873855
13	25	0.491365
13	26	0.166438
13	28	0.554447
13	29	0.480925
13	30	0.622851
13	31	0.435472
13	32	0.425286
13	33	0.474768
13	34	0.754379
13	35	0.849403
13	36	0.192292
13	37	0.751564
13	38	0.801644
13	39	0.189073
13	40	0.638774
13	41	0.228652
13	42	0.169318
13	43	0.530445
13	44	0.223971
13	45	0.433889
13	47	0.00130448
13	48	0.516643
13	49	0.854892
13	50	0.217891
14	2	0.596649
14	3	0.6404
14	4	0.552582
14	5	0.549696
14	6	0.3122
14	8	0.936748
14	9	0.727096
14	10	0.42447
14	11	0.828259
14	12	0.101267
14	13	0.226566
14	15	0.175046
14	16	0.813548
14	17	0.93312
14	18	0.831781
14	19	0.449947
14	20	0.826987
14	21	0.228757
14	22	0.981283
14	23	0.346723
14	24	0.877671
14	25	0.445624
14	26	0.687924
14	27	0.0313148
14	28	0.995821
14	29	0.318054
14	30	0.493573
14	31	0.970875
14	33	0.378457
14	34	0.160527
14	35	0.341125
14	36	0.96776
14	37	0.0408072
14	38	0.959956
14	39	0.00336919
14	40	0.887968
14	42	0.540766
14	43	0.209589
14	44	0.309584
14	45	0.268812
14	46	0.849432
14	47	0.0279232
14	48	0.944107
14	49	0.31454
14	50	0.399632
15	1	0.898504
15	2	0.777265
15	3	0.634138
15	4	0.967766
15	5	0.609732
15	6	0.878799
15	7	0.955128
15	8	0.730075
15	9	0.401945
15	10	0.36404
15	11	0.606064
15	12	0.459332
15	13	0.764166
15	14	0.175046
15	16	0.122686
15	17	0.940153
15	18	0.664641
15	19	0.901353
15	20	0.567591
15	21	0.844632
15	22	0.554839
15	23	0.0335013
15	24	0.280557
15	25	0.51385
15	26	0.59119
15	27	0.0972637
15	28	0.29802
15	29	0.38588
15	30	0.88279
15	31	0.7115
15	32	0.452057
15	33	0.743478
15	34	0.481927
15	35	0.525121
15	36	0.303346
15	37	0.0863605
15	38	0.0448126
15	39	0.0640589
15	40	0.966189
15	41	0.298709
15	42	0.765719
15	43	0.538046
15	44	0.0781685
15	45	0.155192
15	46	0.942248
15	47	0.384332
15	48	0.271099
15	49	0.523537
15	50	0.435916
16	1	0.852225
16	2	0.12361
16	3	0.90704
16	5	0.754639
16	6	0.529627
16	7	0.796719
16	8	0.68579
16	9	0.725066
16	10	0.676368
16	11	0.912736
16	12	0.231243
16	13	0.977604
16	14	0.813548
16	15	0.122686
16	17	0.971602
16	18	0.710237
16	19	0.838236
16	21	0.518272
16	23	0.386376
16	26	0.614965
16	28	0.946538
16	29	0.791912
16	30	0.456988
16	31	0.415152
16	32	0.388271
16	33	0.665162
16	34	0.628978
16	35	0.116291
16	37	0.634803
16	38	0.800029
16	42	0.769331
16	43	0.842972
16	45	0.129083
16	48	0.441073
16	50	0.733363
17	1	0.878837
17	2	0.631218
17	3	0.947014
17	5	0.786284
17	6	0.540162
17	7	0.542987
17	10	0.371312
17	11	0.702475
17	12	0.693036
17	13	0.983758
17	14	0.93312
17	15	0.940153
17	16	0.971602
17	18	0.494556
17	19	0.283713
17	20	0.425243
17	21	0.897677
17	22	0.147672
17	23	0.240821
17	24	0.424017
17	25	0.54079
17	26	0.327474
17	27	0.820068
17	28	0.709469
17	29	0.757523
17	30	0.843171
17	31	0.919103
17	32	0.476368
17	33	0.918991
17	34	0.579286
17	35	0.373318
17	36	0.25169
17	37	0.499653
17	38	0.108576
17	39	0.587061
17	40	0.820466
17	41	0.157603
17	42	0.116803
17	43	0.798011
17	44	0.660158
17	45	0.27397
17	46	0.0914518
17	47	0.764544
17	48	0.115337
17	49	0.497508
17	50	0.664737
18	1	0.129784
18	2	0.441098
18	3	0.0338635
18	5	0.755566
18	6	0.508313
18	7	0.116976
18	8	0.9723
18	9	0.870649
18	10	0.0556567
18	11	0.410567
18	12	0.769241
18	13	0.258035
18	14	0.831781
18	15	0.664641
18	16	0.710237
18	17	0.494556
18	19	0.120189
18	20	0.166991
18	21	0.768677
18	22	0.527712
18	23	0.219516
18	24	0.480095
18	25	0.788515
18	26	0.340187
18	27	0.174296
18	28	0.791494
18	29	0.2397
18	30	0.61157
18	31	0.626809
18	32	0.411813
18	33	0.21275
18	34	0.0380123
18	35	0.909403
18	36	0.876476
18	37	0.663293
18	38	0.237895
18	39	0.708634
18	40	0.929508
18	41	0.255618
18	42	0.743411
18	43	0.883553
18	44	0.237203
18	45	0.568113
18	46	0.193486
18	47	0.822717
18	48	0.132126
18	49	0.640904
18	50	0.74158
19	1	0.914398
19	2	0.326701
19	3	0.441094
19	6	0.353375
19	8	0.877222
19	9	0.975459
19	10	0.528557
19	11	0.85945
19	13	0.988536
19	14	0.449947
19	15	0.901353
19	16	0.838236
19	17	0.283713
19	18	0.120189
19	20	0.890452
19	21	0.185087
19	22	0.196363
19	23	0.397056
19	24	0.515591
19	25	0.0174802
19	26	0.206934
19	27	0.888401
19	28	0.775026
19	29	0.42505
19	30	0.589441
19	31	0.40963
19	32	0.65488
19	33	0.985959
19	34	0.545449
19	35	0.751527
19	36	0.176695
19	37	0.914054
19	38	0.973954
19	39	0.311606
19	40	0.706028
19	41	0.658604
19	42	0.27535
19	43	0.724882
19	44	0.296613
19	45	0.970572
19	47	0.721157
19	48	0.599044
19	49	0.127768
19	50	0.896157
20	2	0.330059
20	3	Inf
20	4	Inf
20	5	0.735596
20	6	0.670428
20	8	0.955095
20	9	0.813402
20	10	Inf
20	11	0.965152
20	12	0.621351
20	13	0.391682
20	14	0.826987
20	15	0.567591
20	17	0.425243
20	18	0.166991
20	19	0.890452
20	21	Inf
20	23	Inf
20	24	0.476472
20	25	0.820848
20	26	0.64217
20	27	0.514534
20	28	0.688807
20	29	Inf
20	30	0.759095
20	31	0.278073
20	32	0.679977
20	33	0.546894
20	34	0.461657
20	35	0.44353
20	36	0.646525
20	37	0.520579
20	38	Inf
20	39	0.535314
20	40	0.455602
20	41	0.164003
20	42	0.963703
20	43	0.18705
20	44	0.956617
20	45	Inf
20	46	0.758886
20	47	0.764278
20	48	Inf
20	49	0.393649
20	50	0.99201
21	1	0.561514
21	2	0.027152
21	3	Inf
21	4	Inf
21	5	0.88087
21	6	0.760075
21	8	0.753004
21	10	Inf
21	11	0.696048
21	12	0.368291
21	13	0.428373
21	14	0.228757
21	15	0.844632
21	16	0.518272
21	17	0.897677
21	18	0.768677
21	19	0.185087
21	20	Inf
21	22	0.052182
21	23	Inf
21	24	0.748348
21	25	0.444675
21	26	0.568215
21	27	0.272548
21	28	0.107812
21	29	Inf
21	30	0.35447
21	31	0.0623166
21	32	7.02607e-05
21	33	0.683768
21	34	0.575589
21	35	0.892737
21	36	0.435215
21	37	0.593771
21	38	Inf
21	39	0.233446
21	40	0.754615
21	41	0.245762
21	42	0.510426
21	43	0.461959
21	44	0.188933
21	45	Inf
21	46	0.46385
21	47	0.83064
21	48	Inf
21	49	0.692919
21	50	0.982874
22	1	0.143533
22	2	0.062342
22	3	0.290255
22	5	0.883071
22	6	0.605144
22	7	0.510119
22	8	0.446265
22	9	0.718401
22	10	0.0784896
22	11	0.163671
22	12	0.156598
22	13	0.162861
22	14	0.981283
22	15	0.554839
22	17	0.147672
22	18	0.527712
22	19	0.196363
22	21	0.052182
22	23	0.583782
22	24	0.324987
22	25	0.489343
22	26	0.50465
22	27	0.626133
22	28	0.798524
22	29	0.863868
22	30	0.605325
22	31	0.839967
22	32	0.86983
22	33	0.0898099
22	34	0.111761
22	35	0.936084
22	36	0.722586
22	37	0.250583
22	38	0.419797
22	39	0.407491
22	40	0.374039
22	41	0.883762
22	42	0.0292861
22	43	0.881962
22	44	0.137187
22	45	0.0752526
22	46	0.720746
22	47	0.0267102
22	48	0.440169
22	49	0.142166
22	50	0.348702
23	2	0.645664
23	3	Inf
23	4	Inf
23	5	0.961509
23	6	0.190028
23	8	0.661935
23	10	Inf
23	11	0.0668148
23	12	0.55844
23	13	0.552042
23	14	0.346723
23	15	0.0335013
23	16	0.386376
23	17	0.240821
23	18	0.219516
23	19	0.397056
23	20	Inf
23	21	Inf
23	22	0.583782
23	24	0.595794
23	25	0.207341
23	26	0.144461
23	27	0.842779
23	28	0.0222729
23	29	Inf
23	30	0.450877
23	31	0.970329
23	32	0.997219
23	33	0.402375
23	34	0.0897736
23	35	0.977198
23	36	0.600624
23	37	0.0916995
23	38	Inf
23	39	0.153156
23	40	0.466372
23	41	0.376203
23	42	0.426998
23	43	0.20124
23	44	0.291406
23	45	Inf
23	46	0.618875
23	47	0.275468
23	48	Inf
23	49	0.714807
23	50	0.518568
24	1	0.646592
24	2	0.150116
24	3	0.520184
24	6	0.0633377
24	7	0.195
24	8	0.583054
24	9	0.140023
24	10	0.717687
24	11	0.606282
24	12	0.489587
24	13	0.873855
24	14	0.877671
24	15	0.280557
24	17	0.424017
24	18	0.480095
24	19	0.515591
24	20	0.476472
24	21	0.748348
24	22	0.324987
24	23	0.595794
24	25	0.948322
24	26	0.51008
24	27	0.433353
24	29	0.581696
24	30	0.848678
24	31	0.120151
24	33	0.365334
24	34	0.620333
24	35	0.382675
24	36	0.764317
24	37	0.58886
24	38	0.790044
24	40	0.574103
24	41	0.51189
24	42	0.432619
24	43	0.162853
24	44	0.624242
24	45	0.0166804
24	46	0.896177
24	47	0.192772
24	49	0.78361
24	50	0.982101
25	1	0.804236
25	2	0.803793
25	3	0.758922
25	5	0.933568
25	6	0.0903127
25	8	0.799325
25	9	0.94385
25	10	0.74186
25	11	0.50537
25	12	0.659889
25	13	0.491365
25	14	0.445624
25	15	0.51385
25	17	0.54079
25	18	0.788515
25	19	0.0174802
25	20	0.820848
25	21	0.444675
25	22	0.489343
25	23	0.207341
25	24	0.948322
25	27	0.316096
25	28	0.521569
25	29	0.314708
25	30	0.781523
25	31	0.567855
25	32	0.371558
25	33	0.11655
25	34	0.716456
25	35	0.503115
25	36	0.606287
25	37	0.427096
25	38	0.888317
25	39	0.556736
25	40	0.124316
25	41	0.882865
25	42	0.91655
25	43	0.887623
25	44	0.183247
25	45	0.908821
25	46	0.760938
25	47	0.311394
25	48	0.780878
25	49	0.578778
25	50	0.576741
26	1	0.32177
26	2	0.31241
26	3	0.0414308
26	4	0.511515
26	5	0.135752
26	6	0.948883
26	7	0.237673
26	8	0.69212
26	9	0.396264
26	10	0.395766
26	11	0.768638
26	12	0.652227
26	13	0.166438
26	14	0.687924
26	15	0.59119
26	16	0.614965
26	17	0.327474
26	18	0.340187
26	19	0.206934
26	20	0.64217
26	21	0.568215
26	22	0.50465
26	23	0.144461
26	24	0.51008
26	27	0.603759
26	28	0.331897
26	29	0.273171
26	31	0.869323
26	32	0.465645
26	33	0.180344
26	34	0.861131
26	35	0.174635
26	36	0.531594
26	37	0.858281
26	38	0.928757
26	39	0.0566831
26	40	0.114401
26	41	0.646531
26	42	0.11015
26	43	0.720663
26	45	0.775532
26	47	0.0158979
26	48	0.0764754
26	49	0.942361
26	50	0.485346
27	1	0.912804
27	2	0.451371
27	3	0.602144
27	4	0.733183
27	5	0.358865
27	6	0.0840586
27	8	0.976621
27	9	0.670207
27	11	0.888038
27	12	0.967447
27	14	0.0313148
27	15	0.0972637
27	17	0.820068
27	18	0.174296
27	19	0.888401
27	20	0.514534
27	21	0.272548
27	22	0.626133
27	23	0.842779
27	24	0.433353
27	25	0.316096
27	26	0.603759
27	28	0.651579
27	29	0.41738
27	30	0.890269
27	31	0.117071
27	32	0.884992
27	33	0.646125
27	34	0.48812
27	35	0.766331
27	36	0.503161
27	37	0.79693
27	38	0.346442
27	39	0.906503
27	40	0.213238
27	41	0.751664
27	42	0.485372
27	43	0.835734
27	44	0.955118
27	45	0.895192
27	46	0.867233
27	47	0.614156
27	48	0.309941
27	49	0.441176
27	50	0.606132
28	1	0.775186
28	2	0.54601
28	3	0.268208
28	6	0.95696
28	7	0.94106
28	8	0.170622
28	9	0.981518
28	10	0.224637
28	11	0.945349
28	12	0.656088
28	13	0.554447
28	14	0.995821
28	15	0.29802
28	16	0.946538
28	17	0.709469
28	18	0.791494
28	19	0.775026
28	20	0.688807
28	21	0.107812
28	22	0.798524
28	23	0.0222729
28	25	0.521569
28	26	0.331897
28	27	0.651579
28	29	0.725247
28	31	0.978112
28	32	0.697594
28	34	0.443134
28	35	0.585674
28	36	0.588209
28	37	0.22423
28	38	0.32824
28	39	0.584553
28	40	0.87733
28	41	0.98496
28	42	0.502087
28	43	0.743955
28	44	0.227618
28	45	0.893653
28	46	0.284114
28	47	0.90475
28	48	0.926217
28	49	0.481323
28	50	0.911627
29	1	0.704238
29	2	0.193516
29	3	Inf
29	4	Inf
29	6	0.956924
29	10	Inf
29	11	0.158036
29	12	0.278506
29	13	0.480925
29	14	0.318054
29	15	0.38588
29	16	0.791912
29	17	0.757523
29	18	0.2397
29	19	0.42505
29	20	Inf
29	21	Inf
29	22	0.863868
29	23	Inf
29	24	0.581696
29	25	0.314708
29	26	0.273171
29	27	0.41738
29	28	0.725247
29	30	0.745606
29	31	0.667045
29	32	0.864125
29	33	0.214037
29	34	0.186382
29	35	0.646859
29	36	0.98096
29	37	0.890774
29	38	Inf
29	39	0.909073
29	40	0.496328
29	41	0.336071
29	42	0.618018
29	43	0.532137
29	44	0.591667
29	45	Inf
29	46	0.653221
29	47	0.320411
29	48	Inf
29	49	0.717811
29	50	0.621601
30	1	0.837637
30	2	0.142824
30	3	0.558407
30	4	0.727581
30	5	0.998937
30	6	0.086587
30	7	0.911908
30	8	0.446353
30	9	0.784441
30	10	0.54677
30	11	0.721661
30	12	0.562165
30	13	0.622851
30	14	0.493573
30	15	0.88279
30	16	0.456988
30	17	0.843171
30	18	0.61157
30	19	0.589441
30	20	0.759095
30	21	0.35447
30	22	0.605325
30	23	0.450877
30	24	0.848678
30	25	0.781523
30	27	0.890269
30	29	0.745606
30	31	0.761507
30	32	0.888948
30	33	0.891451
30	34	0.438182
30	35	0.385129
30	36	0.730644
30	37	0.426527
30	38	0.236022
30	39	0.745396
30	40	0.926367
30	41	0.337877
30	42	0.778184
30	43	0.0682651
30	44	0.259658
30	45	0.951848
30	46	0.979798
30	47	0.142633
30	48	0.244599
30	49	0.404752
30	50	0.623811
31	1	0.170824
31	2	0.45639
31	3	0.341097
31	4	0.369452
31	5	0.246811
31	6	0.775029
31	7	0.620928
31	8	0.200598
31	10	0.871584
31	11	0.901555
31	12	0.635382
31	13	0.435472
31	14	0.970875
31	15	0.7115
31	16	0.415152
31	17	0.919103
31	18	0.626809
31	19	0.40963
31	20	0.278073
31	21	0.0623166
31	22	0.839967
31	23	0.970329
31	24	0.120151
31	25	0.567855
31	26	0.869323
31	27	0.117071
31	28	0.978112
31	29	0.667045
31	30	0.761507
31	33	0.878734
31	34	0.48532
31	35	0.558291
31	36	0.565834
31	37	0.887363
31	38	0.111281
31	39	0.268188
31	40	0.287597
31	41	0.0736061
31	42	0.652427
31	43	0.144311
31	44	0.496529
31	45	0.122085
31	46	0.0939854
31	47	0.0203864
31	48	0.286904
31	49	0.769329
31	50	0.107792
32	1	0.49486
32	2	0.779385
32	3	0.89277
32	4	0.503765
32	5	0.713253
32	6	0.726259
32	8	0.738832
32	9	0.611287
32	10	0.556122
32	11	0.0431113
32	13	0.425286
32	15	0.452057
32	16	0.388271
32	17	0.476368
32	18	0.411813
32	19	0.65488
32	20	0.679977
32	21	7.02607e-05
32	22	0.86983
32	23	0.997219
32	25	0.371558
32	26	0.465645
32	27	0.884992
32	28	0.697594
32	29	0.864125
32	30	0.888948
32	33	0.100039
32	34	0.645884
32	35	0.438725
32	36	0.901879
32	37	0.378188
32	38	0.552744
32	39	0.941439
32	40	0.462355
32	41	0.0584782
32	42	0.529646
32	43	0.743161
32	44	0.130018
32	45	0.419306
32	46	0.823172
32	47	0.775071
32	48	0.938827
32	49	0.934855
32	50	0.37767
33	1	0.776029
33	2	0.992738
33	3	0.0735345
33	4	0.795638
33	5	0.37053
33	6	0.593687
33	8	0.728216
33	9	0.668228
33	10	0.445103
33	11	0.883784
33	12	0.106262
33	13	0.474768
33	14	0.378457
33	15	0.743478
33	16	0.665162
33	17	0.918991
33	18	0.21275
33	19	0.985959
33	20	0.546894
33	21	0.683768
33	22	0.0898099
33	23	0.402375
33	24	0.365334
33	25	0.11655
33	26	0.180344
33	27	0.646125
33	29	0.214037
33	30	0.891451
33	31	0.878734
33	32	0.100039
33	34	0.954526
33	35	0.198611
33	36	0.435432
33	37	0.631601
33	39	0.367297
33	40	0.950717
33	41	0.499215
33	42	0.707762
33	43	0.82717
33	44	0.73346
33	45	0.0183734
33	46	0.156004
33	47	0.125084
33	48	0.6256
33	49	0.530724
33	50	0.660318
34	1	0.950022
34	2	0.583214
34	3	0.57509
34	4	0.974782
34	6	0.0666733
34	7	0.808697
34	8	0.192685
34	10	0.507608
34	11	0.291369
34	12	0.793496
34	13	0.754379
34	14	0.160527
34	15	0.481927
34	16	0.628978
34	17	0.579286
34	18	0.0380123
34	19	0.545449
34	20	0.461657
34	21	0.575589
34	22	0.111761
34	23	0.0897736
34	24	0.620333
34	25	0.716456
34	26	0.861131
34	27	0.48812
34	28	0.443134
34	29	0.186382
34	30	0.438182
34	31	0.48532
34	32	0.645884
34	33	0.954526
34	37	0.0916063
34	38	0.417641
34	39	0.706741
34	40	0.893981
34	41	0.457042
34	42	0.438656
34	43	0.314742
34	44	0.0955782
34	45	0.517467
34	46	0.743413
34	47	0.00493932
34	48	0.361885
34	50	0.0926611
35	1	0.76214
35	2	0.313508
35	3	0.490686
35	4	0.889758
35	5	0.607345
35	6	0.111076
35	7	0.634553
35	8	0.24077
35	10	0.530431
35	11	0.208745
35	12	0.186232
35	13	0.849403
35	14	0.341125
35	15	0.525121
35	16	0.116291
35	17	0.373318
35	18	0.909403
35	19	0.751527
35	20	0.44353
35	21	0.892737
35	22	0.936084
35	23	0.977198
35	24	0.382675
35	25	0.503115
35	26	0.174635
35	27	0.766331
35	28	0.585674
35	29	0.646859
35	30	0.385129
35	31	0.558291
35	32	0.438725
35	33	0.198611
35	36	0.476414
35	37	0.34528
35	38	0.55824
35	39	0.488134
35	40	0.500819
35	41	0.676816
35	42	0.630943
35	43	0.478048
35	44	0.695425
35	45	0.94579
35	46	0.241743
35	47	0.862749
35	48	0.442007
35	49	0.25286
35	50	0.125584
36	1	0.536648
36	2	0.784999
36	3	0.675957
36	4	0.862453
36	5	0.602642
36	6	0.890528
36	7	0.709711
36	8	0.607055
36	11	0.69379
36	13	0.192292
36	14	0.96776
36	15	0.303346
36	17	0.25169
36	18	0.876476
36	19	0.176695
36	20	0.646525
36	21	0.435215
36	22	0.722586
36	23	0.600624
36	24	0.764317
36	25	0.606287
36	26	0.531594
36	27	0.503161
36	28	0.588209
36	29	0.98096
36	30	0.730644
36	31	0.565834
36	32	0.901879
36	33	0.435432
36	35	0.476414
36	37	0.220165
36	38	0.91836
36	39	0.461296
36	40	0.718534
36	41	0.289457
36	42	0.947195
36	43	0.279075
36	44	0.45521
36	45	0.893364
36	46	0.206674
36	47	0.552105
36	48	0.320757
36	49	0.810854
36	50	0.766317
37	1	0.630329
37	2	0.127301
37	3	0.238553
37	6	0.439199
37	7	0.573534
37	8	0.0679426
37	10	0.923257
37	11	0.0664906
37	12	0.323757
37	13	0.751564
37	14	0.0408072
37	15	0.0863605
37	16	0.634803
37	17	0.499653
37	18	0.663293
37	19	0.914054
37	20	0.520579
37	21	0.593771
37	22	0.250583
37	23	0.0916995
37	24	0.58886
37	25	0.427096
37	26	0.858281
37	27	0.79693
37	28	0.22423
37	29	0.890774
37	30	0.426527
37	31	0.887363
37	32	0.378188
37	33	0.631601
37	34	0.0916063
37	35	0.34528
37	36	0.220165
37	39	0.32021
37	40	0.813377
37	42	0.13992
37	43	0.621062
37	44	0.424931
37	45	0.165022
37	46	0.625404
37	47	0.215998
37	48	0.303032
37	49	0.139821
37	50	0.837196
38	1	0.33462
38	2	0.987619
38	3	Inf
38	4	Inf
38	6	0.253041
38	8	0.562556
38	9	0.989042
38	10	Inf
38	11	0.765749
38	12	0.960596
38	13	0.801644
38	14	0.959956
38	15	0.0448126
38	16	0.800029
38	17	0.108576
38	18	0.237895
38	19	0.973954
38	20	Inf
38	21	Inf
38	22	0.419797
38	23	Inf
38	24	0.790044
38	25	0.888317
38	26	0.928757
38	27	0.346442
38	28	0.32824
38	29	Inf
38	30	0.236022
38	31	0.111281
38	32	0.552744
38	34	0.417641
38	35	0.55824
38	36	0.91836
38	39	0.307435
38	40	0.528712
38	41	0.127099
38	42	0.120771
38	43	0.430034
38	44	0.466378
38	45	Inf
38	46	0.244766
38	47	0.543536
38	48	Inf
38	49	0.880833
38	50	0.387807
39	2	0.654254
39	3	0.219755
39	4	0.63059
39	5	0.282319
39	6	0.408793
39	8	0.314181
39	9	0.133032
39	10	0.122776
39	11	0.616469
39	12	0.491204
39	13	0.189073
39	14	0.00336919
39	15	0.0640589
39	17	0.587061
39	18	0.708634
39	19	0.311606
39	20	0.535314
39	21	0.233446
39	22	0.407491
39	23	0.153156
39	25	0.556736
39	26	0.0566831
39	27	0.906503
39	28	0.584553
39	29	0.909073
39	30	0.745396
39	31	0.268188
39	32	0.941439
39	33	0.367297
39	34	0.706741
39	35	0.488134
39	36	0.461296
39	37	0.32021
39	38	0.307435
39	40	0.258549
39	41	0.546746
39	42	0.489987
39	43	0.776656
39	44	0.425668
39	45	0.365054
39	46	0.94601
39	47	0.62813
39	48	0.429242
39	49	0.681708
39	50	0.63777
40	1	0.0491625
40	2	0.389878
40	3	0.877816
40	4	0.476705
40	5	0.855401
40	6	0.958893
40	8	0.510288
40	10	0.385528
40	11	0.977259
40	13	0.638774
40	14	0.887968
40	15	0.966189
40	17	0.820466
40	18	0.929508
40	19	0.706028
40	20	0.455602
40	21	0.754615
40	22	0.374039
40	23	0.466372
40	24	0.574103
40	25	0.124316
40	26	0.114401
40	27	0.213238
40	28	0.87733
40	29	0.496328
40	30	0.926367
40	31	0.287597
40	32	0.462355
40	33	0.950717
40	34	0.893981
40	35	0.500819
40	36	0.718534
40	37	0.813377
40	38	0.528712
40	39	0.258549
40	41	0.349953
40	42	0.193064
40	43	0.643227
40	44	0.882326
40	45	0.767022
40	47	0.41297
40	48	0.881311
40	50	0.441148
41	2	0.552219
41	3	0.129771
41	5	0.597097
41	6	0.301027
41	8	0.971829
41	9	0.619173
41	10	0.256149
41	11	0.981666
41	12	0.670118
41	13	0.228652
41	15	0.298709
41	17	0.157603
41	18	0.255618
41	19	0.658604
41	20	0.164003
41	21	0.245762
41	22	0.883762
41	23	0.376203
41	24	0.51189
41	25	0.882865
41	26	0.646531
41	27	0.751664
41	28	0.98496
41	29	0.336071
41	30	0.337877
41	31	0.0736061
41	32	0.0584782
41	33	0.499215
41	34	0.457042
41	35	0.676816
41	36	0.289457
41	38	0.127099
41	39	0.546746
41	40	0.349953
41	42	0.718969
41	43	0.222155
41	44	0.394412
41	45	0.215923
41	46	0.191161
41	47	0.540219
41	48	0.75704
41	49	0.44568
41	50	0.876815
42	2	0.42571
42	3	0.597614
42	4	0.408111
42	5	0.723459
42	6	0.596314
42	8	0.607371
42	9	0.601611
42	10	0.0197606
42	11	0.208209
42	12	0.93012
42	13	0.169318
42	14	0.540766
42	15	0.765719
42	16	0.769331
42	17	0.116803
42	18	0.743411
42	19	0.27535
42	20	0.963703
42	21	0.510426
42	22	0.0292861
42	23	0.426998
42	24	0.432619
42	25	0.91655
42	26	0.11015
42	27	0.485372
42	28	0.502087
42	29	0.618018
42	30	0.778184
42	31	0.652427
42	32	0.529646
42	33	0.707762
42	34	0.438656
42	35	0.630943
42	36	0.947195
42	37	0.13992
42	38	0.120771
42	39	0.489987
42	40	0.193064
42	41	0.718969
42	43	0.371939
42	44	0.779144
42	45	0.268299
42	46	0.306412
42	47	0.0045936
42	48	0.737931
42	49	0.739409
42	50	0.373382
43	1	0.378806
43	2	0.321394
43	3	0.40154
43	4	0.806387
43	5	0.628343
43	6	0.942528
43	7	0.460504
43	8	0.471264
43	9	0.862668
43	10	0.716726
43	11	0.21534
43	12	0.843302
43	13	0.530445
43	14	0.209589
43	15	0.538046
43	16	0.842972
43	17	0.798011
43	18	0.883553
43	19	0.724882
43	20	0.18705
43	21	0.461959
43	22	0.881962
43	23	0.20124
43	24	0.162853
43	25	0.887623
43	26	0.720663
43	27	0.835734
43	28	0.743955
43	29	0.532137
43	30	0.0682651
43	31	0.144311
43	32	0.743161
43	33	0.82717
43	34	0.314742
43	35	0.478048
43	36	0.279075
43	37	0.621062
43	38	0.430034
43	39	0.776656
43	40	0.643227
43	41	0.222155
43	42	0.371939
43	44	0.878974
43	45	0.329793
43	46	0.841369
43	47	0.694642
43	48	0.160595
43	49	0.126739
43	50	0.153425
44	1	0.101108
44	2	0.30504
44	3	0.595359
44	4	0.383381
44	6	0.858886
44	8	0.570332
44	9	0.55906
44	10	0.851815
44	11	0.700232
44	12	0.695289
44	13	0.223971
44	14	0.309584
44	15	0.0781685
44	17	0.660158
44	18	0.237203
44	19	0.296613
44	20	0.956617
44	21	0.188933
44	22	0.137187
44	23	0.291406
44	24	0.624242
44	25	0.183247
44	27	0.955118
44	28	0.227618
44	29	0.591667
44	30	0.259658
44	31	0.496529
44	32	0.130018
44	33	0.73346
44	34	0.0955782
44	35	0.695425
44	36	0.45521
44	37	0.424931
44	38	0.466378
44	39	0.425668
44	40	0.882326
44	41	0.394412
44	42	0.779144
44	43	0.878974
44	46	0.524171
44	47	0.703651
44	48	0.798444
44	50	0.0378413
45	1	0.290517
45	2	0.324159
45	3	Inf
45	4	Inf
45	5	0.97945
45	6	0.39877
45	9	0.446805
45	10	Inf
45	11	0.425246
45	12	0.395903
45	13	0.433889
45	14	0.268812
45	15	0.155192
45	16	0.129083
45	17	0.27397
45	18	0.568113
45	19	0.970572
45	20	Inf
45	21	Inf
45	22	0.0752526
45	23	Inf
45	24	0.0166804
45	25	0.908821
45	26	0.775532
45	27	0.895192
45	28	0.893653
45	29	Inf
45	30	0.951848
45	31	0.122085
45	32	0.419306
45	33	0.0183734
45	34	0.517467
45	35	0.94579
45	36	0.893364
45	37	0.165022
45	38	Inf
45	39	0.365054
45	40	0.767022
45	41	0.215923
45	42	0.268299
45	43	0.329793
45	46	0.168168
45	47	0.927553
45	48	Inf
45	49	0.241569
45	50	0.217627
46	1	0.990529
46	2	0.96738
46	3	0.274654
46	4	0.780877
46	5	0.494038
46	6	0.853376
46	7	0.856553
46	8	0.645362
46	10	0.148163
46	11	0.0384897
46	12	0.660725
46	14	0.849432
46	15	0.942248
46	17	0.0914518
46	18	0.193486
46	20	0.758886
46	21	0.46385
46	22	0.720746
46	23	0.618875
46	24	0.896177
46	25	0.760938
46	27	0.867233
46	28	0.284114
46	29	0.653221
46	30	0.979798
46	31	0.0939854
46	32	0.823172
46	33	0.156004
46	34	0.743413
46	35	0.241743
46	36	0.206674
46	37	0.625404
46	38	0.244766
46	39	0.94601
46	41	0.191161
46	42	0.306412
46	43	0.841369
46	44	0.524171
46	45	0.168168
46	47	0.496907
46	48	0.742962
46	49	0.0738354
46	50	0.347088
47	2	0.0785936
47	3	0.12159
47	5	0.592827
47	6	0.276981
47	7	0.593813
47	8	0.418883
47	9	0.515494
47	10	0.150436
47	11	0.167784
47	12	0.00699798
47	13	0.00130448
47	14	0.0279232
47	15	0.384332
47	17	0.764544
47	18	0.822717
47	19	0.721157
47	20	0.764278
47	21	0.83064
47	22	0.0267102
47	23	0.275468
47	24	0.192772
47	25	0.311394
47	26	0.0158979
47	27	0.614156
47	28	0.90475
47	29	0.320411
47	30	0.142633
47	31	0.0203864
47	32	0.775071
47	33	0.125084
47	34	0.00493932
47	35	0.862749
47	36	0.552105
47	37	0.215998
47	38	0.543536
47	39	0.62813
47	40	0.41297
47	41	0.540219
47	42	0.0045936
47	43	0.694642
47	44	0.703651
47	45	0.927553
47	46	0.496907
47	49	0.57582
47	50	0.596441
48	1	0.916222
48	2	0.477181
48	3	Inf
48	4	Inf
48	5	0.60515
48	6	0.708729
48	9	0.779443
48	10	Inf
48	11	0.308588
48	12	0.445292
48	13	0.516643
48	14	0.944107
48	15	0.271099
48	16	0.441073
48	17	0.115337
48	18	0.132126
48	19	0.599044
48	20	Inf
48	21	Inf
48	22	0.440169
48	23	Inf
48	25	0.780878
48	26	0.0764754
48	27	0.309941
48	28	0.926217
48	29	Inf
48	30	0.244599
48	31	0.286904
48	32	0.938827
48	33	0.6256
48	34	0.361885
48	35	0.442007
48	36	0.320757
48	37	0.303032
48	38	Inf
48	39	0.429242
48	40	0.881311
48	41	0.75704
48	42	0.737931
48	43	0.160595
48	44	0.798444
48	45	Inf
48	46	0.742962
49	1	0.629502
49	2	0.192137
49	3	0.0861796
49	4	0.813238
49	5	0.571084
49	6	0.800077
49	8	0.31769
49	10	0.880604
49	11	0.202585
49	13	0.854892
49	14	0.31454
49	15	0.523537
49	17	0.497508
49	18	0.640904
49	19	0.127768
49	20	0.393649
49	21	0.692919
49	22	0.142166
49	23	0.714807
49	24	0.78361
49	25	0.578778
49	26	0.942361
49	27	0.441176
49	28	0.481323
49	29	0.717811
49	30	0.404752
49	31	0.769329
49	32	0.934855
49	33	0.530724
49	35	0.25286
49	36	0.810854
49	37	0.139821
49	38	0.880833
49	39	0.681708
49	41	0.44568
49	42	0.739409
49	43	0.126739
49	45	0.241569
49	46	0.0738354
49	47	0.57582
49	50	0.649453
50	1	0.0560855
50	2	0.607435
50	3	0.09168
50	4	0.0101458
50	6	0.527474
50	8	0.0579753
50	10	0.948955
50	11	0.94207
50	12	0.88163
50	13	0.217891
50	14	0.399632
50	15	0.435916
50	16	0.733363
50	17	0.664737
50	18	0.74158
50	19	0.896157
50	20	0.99201
50	21	0.982874
50	22	0.348702
50	23	0.518568
50	24	0.982101
50	25	0.576741
50	26	0.485346
50	27	0.606132
50	28	0.911627
50	29	0.621601
50	30	0.623811
50	31	0.107792
50	32	0.37767
50	33	0.660318
50	34	0.0926611
50	35	0.125584
50	36	0.766317
50	37	0.837196
50	38	0.387807
50	39	0.63777
50	40	0.441148
50	41	0.876815
50	42	0.373382
50	43	0.153425
50	44	0.0378413
50	45	0.217627
50	46	0.347088
50	47	0.596441
50	49	0.649453
